Title,Type,Files,Size,IMDB,Spoken Languages,Texted Languages,Tags,Quality (+),Quality (-),Uploaded,By,User Type,Seeders,Leechers,Info Hash,Picture,Capture Date
The Simpsons - Season 2 [Complete],205,22,3.01 GiB (3234308096 Bytes),,English,,,2,0,2007-12-28T00:29:37Z,killerdemon,[T],0,0,BBFEC91521E5674E21A22535BACE895032B65B0D,,2012-08-26T00:49:05Z
