User Type,Username,Date,Text
,juniperz,2007-02-03T08:33Z,This worked beautifully.  Thanks so much for putting it up!!  Super cool.
,eunmee,2007-02-03T10:49Z,VACKERT:D jag tror inte att jag skulle överleva utan denna serie 
,martinique69,2007-02-03T11:23Z,tackar...bästa serie som finns just nu..  :-)
,Boesen127,2007-02-03T15:39Z,Ja total fed serie.. og tak for episoden.. har ventet spændt.
,iluna,2007-02-05T11:06Z,finns det inte mer en 14 avsnitt att få tag i en så länge???
,c_unit,2007-02-06T21:03Z,när kommer nästa avsnitt upp??....Abstinens !!!!
,in_the_navy,2007-02-07T17:31Z,"Thx for the upload, looking forward to the next episode."
,moderswea,2007-02-08T02:17Z,Kolla Tv.com där kan du hitta alla serier och få reda på när de nästa sänds i staterna....
,hotrod 34,2007-02-08T15:49Z,hartelijk dank hiervoor!!
,svergen,2007-02-14T20:34Z,Trying to download this but there is no one seeding. Please help me!
