Filename,Size,Unit
NS-C4BS_MAXI-poseden.rar,346.06,K
