Title,Type,Files,Size,IMDB,Spoken Languages,Texted Languages,Tags,Quality (+),Quality (-),Uploaded,By,User Type,Seeders,Leechers,Info Hash,Picture,Capture Date
WRC 2006 Round 4-Spain:Day 3,205,1,246.33 MiB (258299434 Bytes),,English,English,,0,0,2006-03-29T05:39:49Z,w4n9,,0,0,270240BE69A147E6AAA51810081D0C27180A82B6,,2012-09-07T03:21:55Z
