Filename,Size,Unit
/No Motiv - Daylight Breaking - 01 - Independence Day.mp3,4.67,M
/No Motiv - Daylight Breaking - 02 - Into The Darkness.mp3,4.84,M
/No Motiv - Daylight Breaking - 03 - Grey Notes Fall.mp3,4.63,M
/No Motiv - Daylight Breaking - 04 - Where Did You Go.mp3,4.76,M
/No Motiv - Daylight Breaking - 05 - Death In Numbers.mp3,5.89,M
/No Motiv - Daylight Breaking - 06 - Audition.mp3,6.01,M
/No Motiv - Daylight Breaking - 07 - Fall From Grace.mp3,3.87,M
/No Motiv - Daylight Breaking - 08 - Brand New Day.mp3,4.04,M
/No Motiv - Daylight Breaking - 09 - Laid To Rest.mp3,4.93,M
/No Motiv - Daylight Breaking - 10 - Robot Eyes.mp3,5.92,M
/No Motiv - Daylight Breaking - 11 - Life Goes On.mp3,4.63,M
