Title,Type,Files,Size,IMDB,Spoken Languages,Texted Languages,Tags,Quality (+),Quality (-),Uploaded,By,User Type,Seeders,Leechers,Info Hash,Picture,Capture Date
100 Sexy. Bilder,503,1,5.15 MiB (5398185 Bytes),,,,,0,0,2007-07-08T19:54:45Z,bobobo2006,[T],0,0,DCAED4D3F42D540510860D010CAE9825115FC185,,2012-08-31T07:20:31Z
