User Type,Username,Date,Text
,nomods,2005-05-07T02:26Z,wrong category idiot
,BBC2OWNER,2011-07-07T02:33Z,Hows about sum seeds?? PLEASE!
,47adok,2011-08-21T13:03Z,seed you fucks 
