Filename,Size,Unit
Natasha Bedingfield - N.B. (2007) - Pop [www.torrentazos.com].rar,48.25,M
