Title,Type,Files,Size,IMDB,Spoken Languages,Texted Languages,Tags,Quality (+),Quality (-),Uploaded,By,User Type,Seeders,Leechers,Info Hash,Picture,Capture Date
Diego Martin - Puntos Suspensivos (2007) - Pop.,101,12,58.23 MiB (61054320 Bytes),,,,,0,0,2007-10-01T20:42:37Z,cholo24,[V],2,0,232F7EA0B0E509A14A3DD1B37FDBBF793A8BEF89,,2012-08-28T22:20:48Z
