Filename,Size,Unit
Animal.Factory.SWESUB.DVDRip.XviD - Salmon.avi,700.38,M
