Filename,Size,Unit
/px-cbwc.r00,47.68,M
/px-cbwc.r01,47.68,M
/px-cbwc.r02,47.68,M
/px-cbwc.r03,47.68,M
/px-cbwc.r04,47.68,M
/px-cbwc.r05,47.68,M
/px-cbwc.r06,47.68,M
/px-cbwc.r07,47.68,M
/px-cbwc.r08,47.68,M
/px-cbwc.r09,47.68,M
/px-cbwc.r10,6.23,M
/px-cbwc.rar,47.68,M
/px-cbwc.sfv,344,B
