Title,Type,Files,Size,IMDB,Spoken Languages,Texted Languages,Tags,Quality (+),Quality (-),Uploaded,By,User Type,Seeders,Leechers,Info Hash,Picture,Capture Date
Prison Break Season 1 Swesub,205,44,7.51 GiB (8064306182 Bytes),http://www.imdb.com/title/tt0455275/,English,Swedish,,0,0,2006-07-30T18:25:56Z,raukn,,47,12,A0922AFFD23E3E7EE10B86EB0FC9BA65A75BBBE8,http://image.bayimg.com/cakjjaabg.jpg,2012-09-06T03:36:40Z
