Filename,Size,Unit
Feliz Navidad - Jose Feliciano[aight-Ncoded].mp3,4.24,M
