Filename,Size,Unit
/Makiladoras 2002 10in/01 Buiten Schot.mp3,3.26,M
/Makiladoras 2002 10in/02 Werk Is Religie.mp3,3.58,M
/Makiladoras 2002 10in/03 Verloren Zaak.mp3,5.31,M
/Makiladoras 2002 10in/04 Misdaad Loont.mp3,3.62,M
/Makiladoras 2002 10in/05 Vriend En Vijand.mp3,3.2,M
/Makiladoras 2002 10in/06 Wijken Voor De Rijken.mp3,2.59,M
/Makiladoras 2002 10in/07 Veenbrand.mp3,4.75,M
/Makiladoras 2002 10in/folder.jpg,457.69,K
/Makiladoras 2002 10in/Info.txt,1.96,K
/Makiladoras 2002 10in/lyrics.doc,111.5,K
/Makiladoras 2002 10in/Makiladoras 10 Inch BOOKLET 01.jpg,552.74,K
/Makiladoras 2002 10in/Makiladoras 10 Inch BOOKLET 02.jpg,555.35,K
/Makiladoras 2002 10in/Makiladoras 10 Inch BOOKLET 03.jpg,625.88,K
/Makiladoras 2002 10in/Makiladoras 10 Inch BOOKLET 04.jpg,503.8,K
/Makiladoras 2002 10in/Makiladoras 10 Inch BOOKLET 05.jpg,725.56,K
/Makiladoras 2002 10in/Makiladoras 10 Inch BOOKLET 06.jpg,522.67,K
/Makiladoras 2002 10in/Makiladoras 10 Inch BOOKLET 07.jpg,558.43,K
/Makiladoras 2002 10in/Makiladoras 10 Inch BOOKLET 08.jpg,539.16,K
/Makiladoras 2002 10in/Makiladoras 10 Inch BOOKLET 09.jpg,435.47,K
/Makiladoras 2002 10in/Makiladoras 10 Inch BOOKLET 10.jpg,479.86,K
/Makiladoras 2002 10in/Makiladoras 10 Inch BOOKLET 11.jpg,452.14,K
/Makiladoras 2002 10in/Makiladoras 10 Inch BOOKLET 12.jpg,467.65,K
/Makiladoras 2002 10in/Makiladoras 10 Inch SLEEVE BACK.jpg,464.05,K
/Makiladoras 2004 split 7in w Radio Bikini/01 Rekenmeester.mp3,4.18,M
/Makiladoras 2004 split 7in w Radio Bikini/02 Uitschot.mp3,5.31,M
/Makiladoras 2004 split 7in w Radio Bikini/03 At Your Service.mp3,1.89,M
/Makiladoras 2004 split 7in w Radio Bikini/04 Geruimd Staat Netjes.mp3,1.97,M
/Makiladoras 2004 split 7in w Radio Bikini/05 Inhale You Sucker.mp3,2.52,M
/Makiladoras 2004 split 7in w Radio Bikini/06 Vooruitgang Is Acheruitgang.mp3,1.91,M
/Makiladoras 2004 split 7in w Radio Bikini/folder.jpg,542.17,K
/Makiladoras 2004 split 7in w Radio Bikini/Info.txt,2.45,K
/Makiladoras 2004 split 7in w Radio Bikini/Makiladoras & Radio Bikini Split BOOKLET 01.jpg,824.08,K
/Makiladoras 2004 split 7in w Radio Bikini/Makiladoras & Radio Bikini Split BOOKLET 02.jpg,937.36,K
/Makiladoras 2004 split 7in w Radio Bikini/Makiladoras & Radio Bikini Split BOOKLET 03.jpg,804.99,K
/Makiladoras 2004 split 7in w Radio Bikini/Makiladoras & Radio Bikini Split BOOKLET 04.jpg,923.57,K
/Makiladoras 2004 split 7in w Radio Bikini/Makiladoras & Radio Bikini Split BOOKLET 05.jpg,824.98,K
/Makiladoras 2004 split 7in w Radio Bikini/Makiladoras & Radio Bikini Split BOOKLET 06.jpg,1.02,M
/Makiladoras 2004 split 7in w Radio Bikini/Makiladoras & Radio Bikini Split SLEEVE BACK.jpg,597.19,K
/Makiladoras 2005 Ãn Eigen Hand 12in/01 Lava + Kuddevee.mp3,10.53,M
/Makiladoras 2005 Ãn Eigen Hand 12in/03 Het Bloed Kruipt.mp3,2.79,M
/Makiladoras 2005 Ãn Eigen Hand 12in/04 Als Een Dier.mp3,4.58,M
/Makiladoras 2005 Ãn Eigen Hand 12in/05 Heer En Meester.mp3,2.72,M
/Makiladoras 2005 Ãn Eigen Hand 12in/06 Dagelijks Brood.mp3,2.88,M
/Makiladoras 2005 Ãn Eigen Hand 12in/07 Vrees Niet.mp3,3.5,M
/Makiladoras 2005 Ãn Eigen Hand 12in/08 In Eigen Hand.mp3,5.09,M
/Makiladoras 2005 Ãn Eigen Hand 12in/folder.jpg,53.79,K
/Makiladoras 2005 Ãn Eigen Hand 12in/folder2.jpg,77.91,K
/Marald-Makiladoras.gif,222.06,K
/Torrent downloaded from Demonoid.com.txt,47,B
