Filename,Size,Unit
avsnitt16.rar,14.4,M
