Title,Type,Files,Size,IMDB,Spoken Languages,Texted Languages,Tags,Quality (+),Quality (-),Uploaded,By,User Type,Seeders,Leechers,Info Hash,Picture,Capture Date
Insane PC,401,1,66.28 MiB (69501873 Bytes),,,,,0,0,2007-10-31T07:44:13Z,Love-Alkohol,,0,1,9AA6F4CEBBEC888EF8CF6FD1F71277FCA74CE3ED,,2012-08-28T06:24:10Z
