Filename,Size,Unit
ER.S12E07.The.Human.Shield.PROPER.HDTV.XviD-FQM.avi,350.16,M
