User Type,Username,Date,Text
,b2dnz,2007-05-22T11:13Z,hmmm
,nexnz,2007-05-22T11:27Z,"not working dude nvrmind
"
