Title,Type,Files,Size,IMDB,Spoken Languages,Texted Languages,Tags,Quality (+),Quality (-),Uploaded,By,User Type,Seeders,Leechers,Info Hash,Picture,Capture Date
Gudibrallan Mandlighet,101,1,31.01 MiB (32519736 Bytes),,,,,0,0,2005-11-11T11:08:39Z,iggy63,,0,0,864FD49F3F8E9413905C275E0CFF313F12DC9259,,2012-09-08T10:15:45Z
