User Type,Username,Date,Text
,mattias35,2007-07-02T00:44Z,seeda n책n
