Title,Type,Files,Size,IMDB,Spoken Languages,Texted Languages,Tags,Quality (+),Quality (-),Uploaded,By,User Type,Seeders,Leechers,Info Hash,Picture,Capture Date
planet_earth_s1_e6_m00tv.avi,205,1,700.02 MiB (734021632 Bytes),,English,,,1,0,2007-07-27T23:15:07Z,mrmadsen,,0,0,F737EAA7FB839ECAA92CC63B3AF73593FB9D9463,,2012-08-30T22:59:35Z
