User Type,Username,Date,Text
,PoIsOn_HeArT,2011-02-16T09:10Z,Keep seeding please I got stuck.
,Abstinent,2011-06-10T06:58Z,"Seed,please!!!!!!!!!!!!!!"
,Abstinent,2011-06-10T07:00Z,"Seed,please!!!!!!!!!!"
,Abstinent,2011-07-05T21:22Z,"seed,please!!!!!!!!!!!!!!!!!!!!!!"
