Filename,Size,Unit
Gorillaz - Hey! Our Toys Have Arrived (iPod Video).m4v,3.79,M
