Filename,Size,Unit
Medical.Investigation.1x02.DVBRip.RGM.[www.tensiontorrent.com].avi,350.25,M
