Title,Type,Files,Size,IMDB,Spoken Languages,Texted Languages,Tags,Quality (+),Quality (-),Uploaded,By,User Type,Seeders,Leechers,Info Hash,Picture,Capture Date
Nero 7 Premium (no serial),301,1,510.29 MiB (535080317 Bytes),,,,,0,0,2005-09-14T03:00:30Z,Storkas,,0,1,C19CF19372FB055594A12FFC27BCE086B3B42719,,2012-09-09T22:56:01Z
