User Type,Username,Date,Text
,TuxedoSat,2007-03-21T04:40Z,"Uhh, pass is : swimsuitsarecool

Helpful, arent I?"
,Chalk_Black,2008-05-27T02:27Z,seed plz
