User Type,Username,Date,Text
,Skeller,2006-03-31T05:32Z,Seed please!
,Draomere,2006-07-06T06:35Z,Seed please!
,stilettoformal,2008-03-03T22:28Z,PLEASE SEED!
,neasyorc,2008-03-22T06:02Z,"FYI, not the greatest one out there"
