Title,Type,Files,Size,IMDB,Spoken Languages,Texted Languages,Tags,Quality (+),Quality (-),Uploaded,By,User Type,Seeders,Leechers,Info Hash,Picture,Capture Date
Big Collection of BBC's Horizon (Documentary - English),205,276,78.17 GiB (83937586228 Bytes),,English,,,11,0,2007-05-23T07:16:24Z,NaNo BuM,,8,71,777FBFDC7C78413A2E8821A929F49F45D602C781,,2012-09-01T07:13:08Z
