Filename,Size,Unit
Willie Nelson & Keith Richards -  We Had It All (Live Los Angeles 2004).avi,25.3,M
