Filename,Size,Unit
businessweek_april_9_2007.][LoLTEAM][.rar,26.6,M
