Filename,Size,Unit
/PLAYBOYS College Girls Magazine July - August 2005 PDF.nfo,89,B
/PLAYBOYS College Girls Magazine July - August 2005 PDF.part1.rar,6.58,M
/PLAYBOYS College Girls Magazine July - August 2005 PDF.part2.rar,6.58,M
/PLAYBOYS College Girls Magazine July - August 2005 PDF.part3.rar,6.58,M
/PLAYBOYS College Girls Magazine July - August 2005 PDF.part4.rar,6.54,M
/PLAYBOYS College Girls Magazine July - August 2005 PDF.sfv,932,B
