Title,Type,Files,Size,IMDB,Spoken Languages,Texted Languages,Tags,Quality (+),Quality (-),Uploaded,By,User Type,Seeders,Leechers,Info Hash,Picture,Capture Date
Et herrans liv - Victoria Silvstedt,205,1,159.45 MiB (167195552 Bytes),,Swedish,,,0,0,2007-01-09T00:22:21Z,hopplos,,0,0,67A63A95EEA7BB0D1F8425C2032317E8B836EB38,,2012-09-04T10:40:30Z
