Filename,Size,Unit
/16.Blocks.HD-DVD.Remux.1080p.VC-1.DTS.DDPlus.DD51.Fanxy@Silu.disk1.ts,4.3,G
/16.Blocks.HD-DVD.Remux.1080p.VC-1.DTS.DDPlus.DD51.Fanxy@Silu.disk2.ts,4.3,G
/16.Blocks.HD-DVD.Remux.1080p.VC-1.DTS.DDPlus.DD51.Fanxy@Silu.disk3.ts,3.53,G
/16.Blocks.HD-DVD.Remux.1080p.VC-1.DTS.DDPlus.DD51.Fanxy@Silu.par2,56.21,K
/16.Blocks.HD-DVD.Remux.1080p.VC-1.DTS.DDPlus.DD51.Fanxy@Silu.vol00+01.PAR2,4.45,M
/16.Blocks.HD-DVD.Remux.1080p.VC-1.DTS.DDPlus.DD51.Fanxy@Silu.vol01+02.PAR2,8.9,M
/16.Blocks.HD-DVD.Remux.1080p.VC-1.DTS.DDPlus.DD51.Fanxy@Silu.vol03+04.PAR2,17.74,M
/16.Blocks.HD-DVD.Remux.1080p.VC-1.DTS.DDPlus.DD51.Fanxy@Silu.vol07+08.PAR2,35.38,M
/16.Blocks.HD-DVD.Remux.1080p.VC-1.DTS.DDPlus.DD51.Fanxy@Silu.vol15+13.PAR2,57.35,M
