Title,Type,Files,Size,IMDB,Spoken Languages,Texted Languages,Tags,Quality (+),Quality (-),Uploaded,By,User Type,Seeders,Leechers,Info Hash,Picture,Capture Date
200 mobile phone java games,499,1,20.93 MiB (21942385 Bytes),,,,,0,0,2006-10-05T15:51:52Z,spank,,2,1,7D984B434CBCCD6CF7C10D089941B827A359506F,,2012-09-05T15:15:06Z
