Filename,Size,Unit
[Kuro-Hana] Death Note - 29 [7E444B14].avi,183.61,M
