Title,Type,Files,Size,IMDB,Spoken Languages,Texted Languages,Tags,Quality (+),Quality (-),Uploaded,By,User Type,Seeders,Leechers,Info Hash,Picture,Capture Date
Mayday - Mayday (2006) - Rap,101,1,52.63 MiB (55189836 Bytes),,,,,0,0,2006-10-20T01:25:26Z,Torrentazos,,0,4,F26B0965D780D8A91C21C6ECD1E14422AB7C6D6B,,2012-09-05T10:39:23Z
