Filename,Size,Unit
soldiers of ww2 wt.zip.txt.xml,800,B
