Filename,Size,Unit
Snutarna - 9 - De Ryska Komikerna (1 av 3).avi,136.09,M
