Filename,Size,Unit
/SammansvÃ¤rjningen - 001.mp3,7.04,M
/SammansvÃ¤rjningen - 002.mp3,10.6,M
/SammansvÃ¤rjningen - 003.mp3,9.38,M
/SammansvÃ¤rjningen - 004.mp3,3.3,M
/SammansvÃ¤rjningen - 005.mp3,1.27,M
/SammansvÃ¤rjningen - 006.mp3,10,M
/SammansvÃ¤rjningen - 007.mp3,6.34,M
/SammansvÃ¤rjningen - 008.mp3,9.07,M
/SammansvÃ¤rjningen - 009.mp3,5.16,M
/SammansvÃ¤rjningen - 010.mp3,6.37,M
/SammansvÃ¤rjningen - 011.mp3,9.46,M
/SammansvÃ¤rjningen - 012.mp3,1.74,M
/SammansvÃ¤rjningen - 013.mp3,8.89,M
/SammansvÃ¤rjningen - 014.mp3,9.39,M
/SammansvÃ¤rjningen - 015.mp3,4.01,M
/SammansvÃ¤rjningen - 016.mp3,615.94,K
/SammansvÃ¤rjningen - 017.mp3,5.84,M
/SammansvÃ¤rjningen - 018.mp3,12.53,M
/SammansvÃ¤rjningen - 019.mp3,7.93,M
/SammansvÃ¤rjningen - 020.mp3,8.14,M
/SammansvÃ¤rjningen - 021.mp3,1008.56,K
